5727.99
5635.07
5599.42
5567.89
5530.23
5457.2
5413.43
5532.47
5503.79
5634.86
5804.85
5834.6
5817.14
5823.04
6053.14
6201.81
6082.41
6227.16
6181.59
6043.89
6156.19
6245.51
6355.85
6432.1
6286.46
6338.78
6487.97
6444.6
6508.52
6652.19
6432.91
6293.45
6214.68
6188.8
6411.65
6299.14
6222.59
6050.99
6096.31
5968.46
5909.39
6143.34
6123.29
6277.31
6363.58
6244.15
6130.75
6165.26
6257.25
6222.76
6304.19
6227.71
6227.1
6348.41
6352.86
6292.14
6337.13
6314.7
6248.95
6202.71
6028.06
6126.1
6294.76
6270.03
6259.4
6232.55
6270.04
6276.87
6254.01
6334.62
6382.76
6415.78
6358.07
6390.98
6464.29
6534.28
6512.41
6489.64
6560.21
6588.26
6551.74
6563.79
6513.88
6535.92
6458.88
6446.87
6521.78
6605.81
6626.94
6612.66
6651.58
6631.08
6626.75
6608.68
6631.32
6744.94
6733.54
6766.04
6798.15
6798.92
6675.62
6648.61
6588.85
6503.36
6401.08
6549.76
6543.23
6533.15
6641.18
6658.53
6697.59
6704.6
6666.67
6559.6
6582.91
6523.32
6570.98
6523.0
6556.25
6556.99
6541.3
6625.95
6645.27
6649.21
6631.52
6591.89
6644.89
6666.09
6735.64
6836.8
6797.61
6947.11
6872.91
6836.37
6855.86
6677.79
6657.46
6680.19
6654.36
6784.58
6910.42
6891.65
6942.24
6912.58
6957.76
7006.85
7039.95
6955.54
6997.76
7159.51
7297.46
7427.02
7454.21
7478.34
7411.75
7621.14
7667.58
7655.82
7816.25
7835.44
7904.91
7817.5
7890.67
7759.79
7759.06
7849.79
7736.92
7788.81
7964.69
8095.94
8102.25
8171.19
8147.85
8316.55
8670.63
8764.92
8699.99
8816.08
8950.25
8771.35
8701.82
8719.52
8959.25
9149.12
8927.87
8776.79
8828.73
8978.22
8961.44
9074.47
9125.57
9180.58
9419.18
9565.3
9317.19
9314.13
9499.4
9263.3
9172.49
9087.93
9302.53
9301.65
9327.73
9380.32
9271.6
9044.35
9138.31
9237.37
9302.19
9705.25
9836.52
9737.7
9819.12
9732.57
9517.72
9455.79
9490.16
9565.7
9418.63
9422.2
9473.75
9634.18
9708.95
9731.75
9761.64
9858.19
9982.38
10074.27
9993.57
10218.66
10179.65
10437.44
10491.81
10681.05
10647.98
10282.97
10353.79
10498.95
10505.66
10640.83
10714.89
10745.23
10764.03
10960.81
11133.19
11300.65
11344.83
11360.81
11110.42
11029.92
11106.34
11333.83
11396.02
11428.64
11489.79
11851.83
11828.38
11953.76
12118.79
12205.81
12205.05
12121.15
12238.91
12587.37
13053.34
12873.97
12757.83
12567.62
13002.29
13259.63
13284.83
13493.82
13502.34
13617.31
13608.76
13153.29
12698.11
11617.03
12640.87
11728.48
11181.79
11291.91
12235.32
12426.95
12524.2
12522.74
12937.81
13043.86
13018.66
12872.46
12259.14
12016.91
11908.69
12523.08
12322.81
12128.97
11948.57
11809.56
11850.68
11904.83
11334.87
11337.89
11211.44
10848.87
11180.48
11157.94
11369.7
11626.04
11719.34
11267.09
10609.45
10109.1
11062.92
11119.46
11430.62
11838.38
11684.98
11734.56
11361.11
11093.99
11292.14
10864.76
11204.38
11524.36
11713.96
11649.66
11697.7
11516.13
11482.4
11384.58
11533.79
11614.21
11797.21
12173.46
12396.62
12540.96
12688.29
12480.85
12432.74
12684.27
12737.39
12697.59
12895.39
12830.4
12578.18
12487.76
12703.91
13015.79
12955.6
11899.31
10939.33
9816.81
10447.32
9818.1
8854.75
8986.33
9858.04
10254.14
9988.37
9434.65
8832.62
9006.07
8710.84
7822.01
8072.03
8731.79
9083.35
9027.74
9332.21
9188.54
9422.09
9070.02
9150.75
9372.76
9619.11
9394.78
9648.49
9964.3
9991.72
10046.34
10080.05
10078.91
9840.07
9461.53
9108.68
9146.86
9550.84
9742.76
9853.6
9482.84
9139.01
9494.45
9554.23
9794.83
10051.86
10196.55
10479.84
10606.92
10184.59
9879.01
9657.59
9118.23
9227.36
9415.56
9349.44
9140.05
9448.0
9752.71
9568.34
9385.35
9709.03
9467.68
9513.37
9651.36
9773.09
9785.72
9912.97
9969.0
10054.85
9971.2
9948.06
10010.75
10239.91
10278.09
10485.26
10327.0
10365.53
10233.26
10420.07
10322.0
10235.82
10318.73
10545.67
10556.57
10570.84
10845.34
10939.12
10898.66
10947.65
11159.19
11166.83
11180.6
11223.21
11356.07
11563.5
11600.81
11808.27
11894.32
11831.69
11919.28
12038.28
11905.46
11756.09
11945.38
11899.71
11750.24
11946.57
11836.93
11857.61
11634.49
11948.42
11847.35
11974.77
12120.65
12269.98
12299.06
12090.58
12108.82
12028.15
11703.12
11572.39
11728.48
11057.25
11377.24
11527.75
11719.42
11507.42
11554.7
11164.89